4.63442
4.18398
3.88383
3.51215
3.09092
2.69119
2.34412
2.04311
1.76807
1.53124
1.33711
1.16579
1.01507
0.89418
0.78637
0.70794
0.63896
0.58341
0.51299
0.45449
0.40721
0.37045
0.36215
0.32677
0.30052
0.27662
0.26225
0.24729
0.23378
0.22979
0.22201
0.2136
0.2056
0.19891
0.19537
0.20079
0.19731
0.19611
0.18235
0.18048
0.17523
0.17413
0.18743
0.1815
0.18449
0.17958
0.16933
0.1653
0.16598
0.16268
0.16176
0.16098
0.16154
0.15842
0.16687
0.17538
0.16607
0.16447
0.15941
0.16221
0.16618
0.16236
0.16064
0.16287
0.16058
0.16628
0.16406
0.15721
0.15308
0.15405
0.15403
0.15463
0.15792
0.15516
0.15109
0.15262
0.15613
0.15028
0.15353
0.14844
0.14823
0.14832
0.15174
0.1518
0.15905
0.16328
0.16702
0.16211
0.1623
0.14849
0.14666
0.14473
0.14253
0.14479
0.14445
0.1486
0.14364
0.14571
0.14536
0.14312
