4.64884
4.2337
3.93917
3.60378
3.20873
2.82055
2.46445
2.15067
1.85752
1.60871
1.39868
1.21773
1.0626
0.93866
0.84333
0.74223
0.65158
0.57851
0.51616
0.46644
0.41817
0.38027
0.35456
0.33012
0.30816
0.28437
0.26455
0.25306
0.23861
0.22486
0.21432
0.2069
0.19971
0.1936
0.20128
0.19513
0.1938
0.19058
0.19984
0.18804
0.18299
0.17723
0.17971
0.17995
0.18162
0.17383
0.17054
0.16843
0.16856
0.16203
0.15877
0.16538
0.16208
0.16076
0.15989
0.16245
0.16594
0.17949
0.16657
0.16014
0.15995
0.16041
0.15824
0.15643
0.15403
0.15698
0.15634
0.15598
0.1566
0.16329
0.15769
0.15762
0.16084
0.16051
0.15811
0.15528
0.15516
0.15575
0.15487
0.15211
0.15478
0.15924
0.15491
0.14984
0.15013
0.15167
0.14969
0.1479
0.15042
0.14578
0.14432
0.14386
0.1453
0.14511
0.14414
0.14659
0.1428
0.14792
0.14542
0.14993
