4.74037
4.20687
3.93234
3.54754
3.09274
2.63577
2.23553
1.904
1.62531
1.38614
1.17627
1.00635
0.87022
0.73108
0.64508
0.56471
0.49794
0.44423
0.40915
0.3692
0.32725
0.29373
0.26703
0.24657
0.23248
0.2265
0.21338
0.20776
0.21912
0.23114
0.20512
0.19502
0.18502
0.17775
0.17377
0.17285
0.17231
0.17317
0.17985
0.17702
0.16569
0.16963
0.17394
0.17433
0.16254
0.15873
0.15642
0.15739
0.15711
0.15539
0.15555
0.15567
0.15395
0.15565
0.17759
0.17916
0.16786
0.16039
0.15531
0.15231
0.15191
0.15129
0.15126
0.15053
0.15012
0.14879
0.14987
0.14997
0.15162
0.15263
0.15315
0.15026
0.14989
0.14917
0.15266
0.15238
0.16258
0.16909
0.16526
0.15277
0.14376
0.14211
0.14442
0.1396
0.14036
0.14326
0.14049
0.14116
0.14212
0.14213
0.14253
0.14507
0.14484
0.15453
0.15014
0.14898
0.14931
0.14801
0.14186
0.14139
