4.70773
4.23866
3.91505
3.46771
2.94612
2.45918
2.02676
1.66574
1.37193
1.13857
0.95844
0.80425
0.68792
0.60175
0.51711
0.44942
0.40098
0.36266
0.32536
0.29783
0.27475
0.25784
0.24514
0.23777
0.24388
0.22777
0.22101
0.22957
0.21236
0.20751
0.20334
0.19753
0.19446
0.19211
0.18901
0.18499
0.18409
0.18187
0.19197
0.18332
0.18408
0.18797
0.18576
0.17957
0.17345
0.17318
0.17106
0.17008
0.16548
0.16855
0.17047
0.17098
0.16973
0.1698
0.17146
0.20188
0.19731
0.18403
0.17702
0.17066
0.17172
0.16306
0.16005
0.16265
0.1588
0.15706
0.15613
0.15686
0.1548
0.15779
0.15751
0.15396
0.15803
0.15892
0.15654
0.15698
0.15732
0.15765
0.15565
0.15538
0.15744
0.17178
0.16864
0.16315
0.15936
0.16238
0.15681
0.15313
0.15647
0.15233
0.15071
0.15448
0.15583
0.15399
0.15594
0.15941
0.16057
0.15689
0.15366
0.15187
