4.80546
4.52435
4.25462
3.77932
3.18036
2.61657
2.17597
1.85167
1.61247
1.4358
1.29874
1.19336
1.10335
1.03182
0.97753
0.92835
0.88171
0.84694
0.81716
0.78996
0.76105
0.74035
0.72264
0.70932
0.69262
0.67775
0.6646
0.65294
0.64519
0.63811
0.63035
0.62445
0.61692
0.61189
0.6041
0.60106
0.59796
0.59318
0.58839
0.58837
0.58098
0.57818
0.57647
0.57253
0.5736
0.5672
0.56649
0.5622
0.56271
0.56137
0.56194
0.56233
0.56045
0.5565
0.55563
0.55267
0.55237
0.55305
0.55299
0.55159
0.54941
0.54939
0.5473
0.5487
0.54981
0.54698
0.54684
0.54567
0.54494
0.54458
0.54321
0.54537
0.54381
